\hypertarget{group__RK__Params}{}\section{Various parameters for the Radau\+I\+IA method}
\label{group__RK__Params}\index{Various parameters for the Radau\+I\+I\+A method@{Various parameters for the Radau\+I\+I\+A method}}
\subsection*{Variables}
\begin{DoxyCompactItemize}
\item 
static const double \hyperlink{group__RK__Params_ga37314d1d93d3f053f469c40c5d42a43e}{radau2a\+::rkA} \mbox{[}3\mbox{]}\mbox{[}3\mbox{]}
\item 
static const double \hyperlink{group__RK__Params_gaefb80779066572ac8b1e549cf1293de1}{radau2a\+::rkB} \mbox{[}3\mbox{]}
\item 
static const double \hyperlink{group__RK__Params_ga7e8fecc1a981ceff1796a595b0ef5b4a}{radau2a\+::rkC} \mbox{[}3\mbox{]}
\item 
static const double \hyperlink{group__RK__Params_gae792ec3177ed6d29903669bcde591f94}{radau2a\+::rkE} \mbox{[}4\mbox{]}
\item 
static const double \hyperlink{group__RK__Params_ga905a164e07054850af60562b36b1aa9f}{radau2a\+::rk\+Theta} \mbox{[}3\mbox{]}
\item 
static const double \hyperlink{group__RK__Params_ga188fa0b309eb2826403d911684735824}{radau2a\+::rk\+Gamma} = 3.\+637834252744495732208418513577775
\item 
static const double \hyperlink{group__RK__Params_gab60c47377f4985db23effa46e2239c24}{radau2a\+::rk\+Alpha} = 2.\+681082873627752133895790743211112
\item 
static const double \hyperlink{group__RK__Params_ga9a1ddba0cd8b29630b2c005af061c656}{radau2a\+::rk\+Beta} = 3.\+050430199247410569426377624787569
\item 
static const double \hyperlink{group__RK__Params_gac217dadb5a83f73958dba436ae4fa415}{radau2a\+::rkT} \mbox{[}3\mbox{]}\mbox{[}3\mbox{]}
\item 
static const double \hyperlink{group__RK__Params_ga967c2bc749d9b8cda1585bf4ee50b1c1}{radau2a\+::rk\+Tinv} \mbox{[}3\mbox{]}\mbox{[}3\mbox{]}
\item 
static const double \hyperlink{group__RK__Params_ga048232e984719eb1fed3f8ba7fb4c25b}{radau2a\+::rk\+Tinv\+Ainv} \mbox{[}3\mbox{]}\mbox{[}3\mbox{]}
\item 
static const double \hyperlink{group__RK__Params_gaf7c73eb3be684541be92d125fef651bc}{radau2a\+::rk\+AinvT} \mbox{[}3\mbox{]}\mbox{[}3\mbox{]}
\item 
static const double \hyperlink{group__RK__Params_ga8f0bf108626219e500ffe0b78c01b246}{radau2a\+::rk\+E\+LO} = 4
\end{DoxyCompactItemize}


\subsection{Detailed Description}


\subsection{Variable Documentation}
\index{Various parameters for the Radau\+I\+I\+A method@{Various parameters for the Radau\+I\+I\+A method}!rkA@{rkA}}
\index{rkA@{rkA}!Various parameters for the Radau\+I\+I\+A method@{Various parameters for the Radau\+I\+I\+A method}}
\subsubsection[{\texorpdfstring{rkA}{rkA}}]{\setlength{\rightskip}{0pt plus 5cm}const double radau2a\+::rkA\mbox{[}3\mbox{]}\mbox{[}3\mbox{]}\hspace{0.3cm}{\ttfamily [static]}}\hypertarget{group__RK__Params_ga37314d1d93d3f053f469c40c5d42a43e}{}\label{group__RK__Params_ga37314d1d93d3f053f469c40c5d42a43e}
{\bfseries Initial value\+:}
\begin{DoxyCode}
= \{ \{
     1.968154772236604258683861429918299e-1,
    -6.55354258501983881085227825696087e-2,
     2.377097434822015242040823210718965e-2
    \}, \{
     3.944243147390872769974116714584975e-1,
     2.920734116652284630205027458970589e-1,
    -4.154875212599793019818600988496743e-2
    \}, \{
     3.764030627004672750500754423692808e-1,
     5.124858261884216138388134465196080e-1,
     1.111111111111111111111111111111111e-1
    \}
\}
\end{DoxyCode}
\index{Various parameters for the Radau\+I\+I\+A method@{Various parameters for the Radau\+I\+I\+A method}!rk\+AinvT@{rk\+AinvT}}
\index{rk\+AinvT@{rk\+AinvT}!Various parameters for the Radau\+I\+I\+A method@{Various parameters for the Radau\+I\+I\+A method}}
\subsubsection[{\texorpdfstring{rk\+AinvT}{rkAinvT}}]{\setlength{\rightskip}{0pt plus 5cm}const double radau2a\+::rk\+AinvT\mbox{[}3\mbox{]}\mbox{[}3\mbox{]}\hspace{0.3cm}{\ttfamily [static]}}\hypertarget{group__RK__Params_gaf7c73eb3be684541be92d125fef651bc}{}\label{group__RK__Params_gaf7c73eb3be684541be92d125fef651bc}
{\bfseries Initial value\+:}
\begin{DoxyCode}
= \{
\{0.3435525649691961614912493915818282,
-0.4703191128473198422370558694426832,
0.3503786597113668965366406634269080\},
\{0.9102338692094599309122768354288852,
1.715425895757991796035292755937326,
0.4040171993145015239277111187301784\},
\{3.637834252744495732208418513577775,
2.681082873627752133895790743211112,
-3.050430199247410569426377624787569\}
\}
\end{DoxyCode}
\index{Various parameters for the Radau\+I\+I\+A method@{Various parameters for the Radau\+I\+I\+A method}!rk\+Alpha@{rk\+Alpha}}
\index{rk\+Alpha@{rk\+Alpha}!Various parameters for the Radau\+I\+I\+A method@{Various parameters for the Radau\+I\+I\+A method}}
\subsubsection[{\texorpdfstring{rk\+Alpha}{rkAlpha}}]{\setlength{\rightskip}{0pt plus 5cm}const double radau2a\+::rk\+Alpha = 2.\+681082873627752133895790743211112\hspace{0.3cm}{\ttfamily [static]}}\hypertarget{group__RK__Params_gab60c47377f4985db23effa46e2239c24}{}\label{group__RK__Params_gab60c47377f4985db23effa46e2239c24}
\index{Various parameters for the Radau\+I\+I\+A method@{Various parameters for the Radau\+I\+I\+A method}!rkB@{rkB}}
\index{rkB@{rkB}!Various parameters for the Radau\+I\+I\+A method@{Various parameters for the Radau\+I\+I\+A method}}
\subsubsection[{\texorpdfstring{rkB}{rkB}}]{\setlength{\rightskip}{0pt plus 5cm}const double radau2a\+::rkB\mbox{[}3\mbox{]}\hspace{0.3cm}{\ttfamily [static]}}\hypertarget{group__RK__Params_gaefb80779066572ac8b1e549cf1293de1}{}\label{group__RK__Params_gaefb80779066572ac8b1e549cf1293de1}
{\bfseries Initial value\+:}
\begin{DoxyCode}
= \{
3.764030627004672750500754423692808e-1,
5.124858261884216138388134465196080e-1,
1.111111111111111111111111111111111e-1
\}
\end{DoxyCode}
\index{Various parameters for the Radau\+I\+I\+A method@{Various parameters for the Radau\+I\+I\+A method}!rk\+Beta@{rk\+Beta}}
\index{rk\+Beta@{rk\+Beta}!Various parameters for the Radau\+I\+I\+A method@{Various parameters for the Radau\+I\+I\+A method}}
\subsubsection[{\texorpdfstring{rk\+Beta}{rkBeta}}]{\setlength{\rightskip}{0pt plus 5cm}const double radau2a\+::rk\+Beta = 3.\+050430199247410569426377624787569\hspace{0.3cm}{\ttfamily [static]}}\hypertarget{group__RK__Params_ga9a1ddba0cd8b29630b2c005af061c656}{}\label{group__RK__Params_ga9a1ddba0cd8b29630b2c005af061c656}
\index{Various parameters for the Radau\+I\+I\+A method@{Various parameters for the Radau\+I\+I\+A method}!rkC@{rkC}}
\index{rkC@{rkC}!Various parameters for the Radau\+I\+I\+A method@{Various parameters for the Radau\+I\+I\+A method}}
\subsubsection[{\texorpdfstring{rkC}{rkC}}]{\setlength{\rightskip}{0pt plus 5cm}const double radau2a\+::rkC\mbox{[}3\mbox{]}\hspace{0.3cm}{\ttfamily [static]}}\hypertarget{group__RK__Params_ga7e8fecc1a981ceff1796a595b0ef5b4a}{}\label{group__RK__Params_ga7e8fecc1a981ceff1796a595b0ef5b4a}
{\bfseries Initial value\+:}
\begin{DoxyCode}
= \{
1.550510257216821901802715925294109e-1,
6.449489742783178098197284074705891e-1,
1.0
\}
\end{DoxyCode}
\index{Various parameters for the Radau\+I\+I\+A method@{Various parameters for the Radau\+I\+I\+A method}!rkE@{rkE}}
\index{rkE@{rkE}!Various parameters for the Radau\+I\+I\+A method@{Various parameters for the Radau\+I\+I\+A method}}
\subsubsection[{\texorpdfstring{rkE}{rkE}}]{\setlength{\rightskip}{0pt plus 5cm}const double radau2a\+::rkE\mbox{[}4\mbox{]}\hspace{0.3cm}{\ttfamily [static]}}\hypertarget{group__RK__Params_gae792ec3177ed6d29903669bcde591f94}{}\label{group__RK__Params_gae792ec3177ed6d29903669bcde591f94}
{\bfseries Initial value\+:}
\begin{DoxyCode}
= \{
    0.05,
    -10.04880939982741556246032950764708*0.05,
    1.382142733160748895793662840980412*0.05,
    -0.3333333333333333333333333333333333*0.05
    \}
\end{DoxyCode}
\index{Various parameters for the Radau\+I\+I\+A method@{Various parameters for the Radau\+I\+I\+A method}!rk\+E\+LO@{rk\+E\+LO}}
\index{rk\+E\+LO@{rk\+E\+LO}!Various parameters for the Radau\+I\+I\+A method@{Various parameters for the Radau\+I\+I\+A method}}
\subsubsection[{\texorpdfstring{rk\+E\+LO}{rkELO}}]{\setlength{\rightskip}{0pt plus 5cm}const double radau2a\+::rk\+E\+LO = 4\hspace{0.3cm}{\ttfamily [static]}}\hypertarget{group__RK__Params_ga8f0bf108626219e500ffe0b78c01b246}{}\label{group__RK__Params_ga8f0bf108626219e500ffe0b78c01b246}
\index{Various parameters for the Radau\+I\+I\+A method@{Various parameters for the Radau\+I\+I\+A method}!rk\+Gamma@{rk\+Gamma}}
\index{rk\+Gamma@{rk\+Gamma}!Various parameters for the Radau\+I\+I\+A method@{Various parameters for the Radau\+I\+I\+A method}}
\subsubsection[{\texorpdfstring{rk\+Gamma}{rkGamma}}]{\setlength{\rightskip}{0pt plus 5cm}const double radau2a\+::rk\+Gamma = 3.\+637834252744495732208418513577775\hspace{0.3cm}{\ttfamily [static]}}\hypertarget{group__RK__Params_ga188fa0b309eb2826403d911684735824}{}\label{group__RK__Params_ga188fa0b309eb2826403d911684735824}
\index{Various parameters for the Radau\+I\+I\+A method@{Various parameters for the Radau\+I\+I\+A method}!rkT@{rkT}}
\index{rkT@{rkT}!Various parameters for the Radau\+I\+I\+A method@{Various parameters for the Radau\+I\+I\+A method}}
\subsubsection[{\texorpdfstring{rkT}{rkT}}]{\setlength{\rightskip}{0pt plus 5cm}const double radau2a\+::rkT\mbox{[}3\mbox{]}\mbox{[}3\mbox{]}\hspace{0.3cm}{\ttfamily [static]}}\hypertarget{group__RK__Params_gac217dadb5a83f73958dba436ae4fa415}{}\label{group__RK__Params_gac217dadb5a83f73958dba436ae4fa415}
{\bfseries Initial value\+:}
\begin{DoxyCode}
= \{
\{9.443876248897524148749007950641664e-2,
-1.412552950209542084279903838077973e-1,
-3.00291941051474244918611170890539e-2\},
\{2.502131229653333113765090675125018e-1,
2.041293522937999319959908102983381e-1,
3.829421127572619377954382335998733e-1\},
\{1.0,
1.0,
0.0e0\}
\}
\end{DoxyCode}
\index{Various parameters for the Radau\+I\+I\+A method@{Various parameters for the Radau\+I\+I\+A method}!rk\+Theta@{rk\+Theta}}
\index{rk\+Theta@{rk\+Theta}!Various parameters for the Radau\+I\+I\+A method@{Various parameters for the Radau\+I\+I\+A method}}
\subsubsection[{\texorpdfstring{rk\+Theta}{rkTheta}}]{\setlength{\rightskip}{0pt plus 5cm}const double radau2a\+::rk\+Theta\mbox{[}3\mbox{]}\hspace{0.3cm}{\ttfamily [static]}}\hypertarget{group__RK__Params_ga905a164e07054850af60562b36b1aa9f}{}\label{group__RK__Params_ga905a164e07054850af60562b36b1aa9f}
{\bfseries Initial value\+:}
\begin{DoxyCode}
= \{
    -1.520677486405081647234271944611547 - 10.04880939982741556246032950764708*0.05,
    2.070455145596436382729929151810376 + 1.382142733160748895793662840980413*0.05,
    -0.3333333333333333333333333333333333*0.05 - 0.3744441479783868387391430179970741
    \}
\end{DoxyCode}
\index{Various parameters for the Radau\+I\+I\+A method@{Various parameters for the Radau\+I\+I\+A method}!rk\+Tinv@{rk\+Tinv}}
\index{rk\+Tinv@{rk\+Tinv}!Various parameters for the Radau\+I\+I\+A method@{Various parameters for the Radau\+I\+I\+A method}}
\subsubsection[{\texorpdfstring{rk\+Tinv}{rkTinv}}]{\setlength{\rightskip}{0pt plus 5cm}const double radau2a\+::rk\+Tinv\mbox{[}3\mbox{]}\mbox{[}3\mbox{]}\hspace{0.3cm}{\ttfamily [static]}}\hypertarget{group__RK__Params_ga967c2bc749d9b8cda1585bf4ee50b1c1}{}\label{group__RK__Params_ga967c2bc749d9b8cda1585bf4ee50b1c1}
{\bfseries Initial value\+:}
\begin{DoxyCode}
=
\{\{4.178718591551904727346462658512057,
3.27682820761062387082533272429617e-1,
5.233764454994495480399309159089876e-1\},
\{-4.178718591551904727346462658512057,
-3.27682820761062387082533272429617e-1,
4.766235545005504519600690840910124e-1\},
\{-5.02872634945786875951247343139544e-1,
2.571926949855605429186785353601676e0,
-5.960392048282249249688219110993024e-1\}
\}
\end{DoxyCode}
\index{Various parameters for the Radau\+I\+I\+A method@{Various parameters for the Radau\+I\+I\+A method}!rk\+Tinv\+Ainv@{rk\+Tinv\+Ainv}}
\index{rk\+Tinv\+Ainv@{rk\+Tinv\+Ainv}!Various parameters for the Radau\+I\+I\+A method@{Various parameters for the Radau\+I\+I\+A method}}
\subsubsection[{\texorpdfstring{rk\+Tinv\+Ainv}{rkTinvAinv}}]{\setlength{\rightskip}{0pt plus 5cm}const double radau2a\+::rk\+Tinv\+Ainv\mbox{[}3\mbox{]}\mbox{[}3\mbox{]}\hspace{0.3cm}{\ttfamily [static]}}\hypertarget{group__RK__Params_ga048232e984719eb1fed3f8ba7fb4c25b}{}\label{group__RK__Params_ga048232e984719eb1fed3f8ba7fb4c25b}
{\bfseries Initial value\+:}
\begin{DoxyCode}
= \{
\{1.520148562492775501049204957366528e+1,
1.192055789400527921212348994770778,
1.903956760517560343018332287285119\},
\{-9.669512977505946748632625374449567,
-8.724028436822336183071773193986487,
3.096043239482439656981667712714881\},
\{-1.409513259499574544876303981551774e+1,
5.895975725255405108079130152868952,
-1.441236197545344702389881889085515e-1\}
\}
\end{DoxyCode}
